=== Relatório de Classificação ===

 Accuracy no train set = 0.7993845238095239

              precision    recall  f1-score   support

           0       0.16      0.19      0.17     10000
           1       0.99      0.95      0.97     10000
           2       0.99      0.95      0.97     10000
           3       0.21      0.44      0.29     10000
           4       0.95      0.95      0.95     10000
           5       0.98      0.96      0.97     10000
           6       1.00      0.96      0.98     10000
           7       1.00      0.96      0.98     10000
           8       0.99      0.91      0.95     10000
           9       0.17      0.15      0.16     10000
          10       0.87      0.80      0.83     10000
          11       0.87      0.81      0.84     10000
          12       0.97      0.91      0.94     10000
          13       0.99      0.86      0.92     10000
          14       0.99      0.94      0.96     10000
          15       0.22      0.21      0.22     10000
          16       0.97      0.77      0.86     10000
          17       0.97      0.88      0.92     10000
          18       0.98      0.85      0.91     10000
          19       0.85      0.87      0.86     10000
          20       0.89      0.80      0.84     10000

    accuracy                           0.77    210000
   macro avg       0.81      0.77      0.79    210000
weighted avg       0.81      0.77      0.79    210000
